QUICK 9400000 940000 1034
QUICK 94000000 940000 16061
QUICK 9400000 940000 994
QUICK 94000000 940000 15384
QUICK 9400000 940000 993
QUICK 94000000 940000 16180
QUICK 9400000 940000 970
QUICK 94000000 940000 15648
QUICK 9400000 940000 1024
QUICK 94000000 940000 15544
QUICK 9400000 940000 1000
QUICK 94000000 940000 15516
QUICK 9400000 940000 989
QUICK 94000000 940000 16102
QUICK 9400000 940000 1032
QUICK 94000000 940000 15451
QUICK 9400000 940000 996
QUICK 94000000 940000 16310
QUICK 9400000 940000 1033
QUICK 94000000 940000 15635
QUICK 9400000 940000 994
QUICK 94000000 940000 15643
QUICK 9400000 940000 983
QUICK 94000000 940000 15401
QUICK 9400000 940000 1013
QUICK 94000000 940000 16634
QUICK 9400000 940000 993
QUICK 94000000 940000 15324
QUICK 9400000 940000 999
QUICK 94000000 940000 15389
QUICK 9400000 940000 999
QUICK 94000000 940000 15780
QUICK 9400000 940000 1046
QUICK 94000000 940000 15383
QUICK 9400000 940000 1009
QUICK 94000000 940000 15947
QUICK 9400000 940000 990
QUICK 94000000 940000 15353
QUICK 9400000 940000 1017
QUICK 94000000 940000 16224
QUICK 9400000 940000 999
QUICK 94000000 940000 15406
QUICK 9400000 940000 1006
QUICK 94000000 940000 15869
QUICK 9400000 940000 978
QUICK 94000000 940000 16048
QUICK 9400000 940000 1022
QUICK 94000000 940000 15852
QUICK 9400000 940000 998
QUICK 94000000 940000 15384
QUICK 9400000 940000 999
QUICK 94000000 940000 15569
QUICK 9400000 940000 998
QUICK 94000000 940000 15975
QUICK 9400000 940000 989
QUICK 94000000 940000 15678
QUICK 9400000 940000 976
QUICK 94000000 940000 15441
QUICK 9400000 940000 990
QUICK 94000000 940000 15432
MERGE 9400000 940000 1335
MERGE 94000000 940000 13278
MERGE 9400000 940000 1342
MERGE 94000000 940000 13258
MERGE 9400000 940000 1299
MERGE 94000000 940000 13233
MERGE 9400000 940000 1327
MERGE 94000000 940000 13456
MERGE 9400000 940000 1333
MERGE 94000000 940000 13287
MERGE 9400000 940000 1306
MERGE 94000000 940000 13326
MERGE 9400000 940000 1345
MERGE 94000000 940000 13366
MERGE 9400000 940000 1341
MERGE 94000000 940000 13407
MERGE 9400000 940000 1296
MERGE 94000000 940000 13327
MERGE 9400000 940000 1326
MERGE 94000000 940000 13514
MERGE 9400000 940000 1328
MERGE 94000000 940000 13359
MERGE 9400000 940000 1345
MERGE 94000000 940000 13392
MERGE 9400000 940000 1328
MERGE 94000000 940000 13298
MERGE 9400000 940000 1326
MERGE 94000000 940000 13322
MERGE 9400000 940000 1328
MERGE 94000000 940000 13124
MERGE 9400000 940000 1390
MERGE 94000000 940000 13554
MERGE 9400000 940000 1334
MERGE 94000000 940000 13361
MERGE 9400000 940000 1332
MERGE 94000000 940000 13178
MERGE 9400000 940000 1309
MERGE 94000000 940000 13315
MERGE 9400000 940000 1388
MERGE 94000000 940000 13233
MERGE 9400000 940000 1351
MERGE 94000000 940000 13090
MERGE 9400000 940000 1313
MERGE 94000000 940000 13186
MERGE 9400000 940000 1342
MERGE 94000000 940000 13386
MERGE 9400000 940000 1358
MERGE 94000000 940000 13185
MERGE 9400000 940000 1295
MERGE 94000000 940000 13223
MERGE 9400000 940000 1319
MERGE 94000000 940000 13338
MERGE 9400000 940000 1325
MERGE 94000000 940000 13459
MERGE 9400000 940000 1295
MERGE 94000000 940000 13251
MERGE 9400000 940000 1335
MERGE 94000000 940000 13326
MERGE 9400000 940000 1326
MERGE 94000000 940000 13170
COUNTING 9400000 940000 379
COUNTING 94000000 940000 4957
COUNTING 9400000 940000 385
COUNTING 94000000 940000 5185
COUNTING 9400000 940000 380
COUNTING 94000000 940000 4934
COUNTING 9400000 940000 395
COUNTING 94000000 940000 4928
COUNTING 9400000 940000 396
COUNTING 94000000 940000 4908
COUNTING 9400000 940000 391
COUNTING 94000000 940000 4960
COUNTING 9400000 940000 394
COUNTING 94000000 940000 4977
COUNTING 9400000 940000 380
COUNTING 94000000 940000 4983
COUNTING 9400000 940000 395
COUNTING 94000000 940000 4982
COUNTING 9400000 940000 391
COUNTING 94000000 940000 5128
COUNTING 9400000 940000 396
COUNTING 94000000 940000 5006
COUNTING 9400000 940000 379
COUNTING 94000000 940000 4921
COUNTING 9400000 940000 379
COUNTING 94000000 940000 4972
COUNTING 9400000 940000 383
COUNTING 94000000 940000 4937
COUNTING 9400000 940000 396
COUNTING 94000000 940000 4944
COUNTING 9400000 940000 381
COUNTING 94000000 940000 4968
COUNTING 9400000 940000 385
COUNTING 94000000 940000 4911
COUNTING 9400000 940000 387
COUNTING 94000000 940000 5016
COUNTING 9400000 940000 383
COUNTING 94000000 940000 5309
COUNTING 9400000 940000 390
COUNTING 94000000 940000 5014
COUNTING 9400000 940000 395
COUNTING 94000000 940000 5017
COUNTING 9400000 940000 389
COUNTING 94000000 940000 4919
COUNTING 9400000 940000 383
COUNTING 94000000 940000 4927
COUNTING 9400000 940000 398
COUNTING 94000000 940000 4945
COUNTING 9400000 940000 381
COUNTING 94000000 940000 4929
COUNTING 9400000 940000 396
COUNTING 94000000 940000 5050
COUNTING 9400000 940000 385
COUNTING 94000000 940000 5224
COUNTING 9400000 940000 441
COUNTING 94000000 940000 4987
COUNTING 9400000 940000 393
COUNTING 94000000 940000 4930
COUNTING 9400000 940000 379
COUNTING 94000000 940000 4993
