QUICK 9400000 940000 1034
QUICK 9400000 940000 994
QUICK 9400000 940000 993
QUICK 9400000 940000 970
QUICK 9400000 940000 1024
QUICK 9400000 940000 1000
QUICK 9400000 940000 989
QUICK 9400000 940000 1032
QUICK 9400000 940000 996
QUICK 9400000 940000 1033
QUICK 9400000 940000 994
QUICK 9400000 940000 983
QUICK 9400000 940000 1013
QUICK 9400000 940000 993
QUICK 9400000 940000 999
QUICK 9400000 940000 999
QUICK 9400000 940000 1046
QUICK 9400000 940000 1009
QUICK 9400000 940000 990
QUICK 9400000 940000 1017
QUICK 9400000 940000 999
QUICK 9400000 940000 1006
QUICK 9400000 940000 978
QUICK 9400000 940000 1022
QUICK 9400000 940000 998
QUICK 9400000 940000 999
QUICK 9400000 940000 998
QUICK 9400000 940000 989
QUICK 9400000 940000 976
QUICK 9400000 940000 990
MERGE 9400000 940000 1335
MERGE 9400000 940000 1342
MERGE 9400000 940000 1299
MERGE 9400000 940000 1327
MERGE 9400000 940000 1333
MERGE 9400000 940000 1306
MERGE 9400000 940000 1345
MERGE 9400000 940000 1341
MERGE 9400000 940000 1296
MERGE 9400000 940000 1326
MERGE 9400000 940000 1328
MERGE 9400000 940000 1345
MERGE 9400000 940000 1328
MERGE 9400000 940000 1326
MERGE 9400000 940000 1328
MERGE 9400000 940000 1390
MERGE 9400000 940000 1334
MERGE 9400000 940000 1332
MERGE 9400000 940000 1309
MERGE 9400000 940000 1388
MERGE 9400000 940000 1351
MERGE 9400000 940000 1313
MERGE 9400000 940000 1342
MERGE 9400000 940000 1358
MERGE 9400000 940000 1295
MERGE 9400000 940000 1319
MERGE 9400000 940000 1325
MERGE 9400000 940000 1295
MERGE 9400000 940000 1335
MERGE 9400000 940000 1326
COUNTING 9400000 940000 379
COUNTING 9400000 940000 385
COUNTING 9400000 940000 380
COUNTING 9400000 940000 395
COUNTING 9400000 940000 396
COUNTING 9400000 940000 391
COUNTING 9400000 940000 394
COUNTING 9400000 940000 380
COUNTING 9400000 940000 395
COUNTING 9400000 940000 391
COUNTING 9400000 940000 396
COUNTING 9400000 940000 379
COUNTING 9400000 940000 379
COUNTING 9400000 940000 383
COUNTING 9400000 940000 396
COUNTING 9400000 940000 381
COUNTING 9400000 940000 385
COUNTING 9400000 940000 387
COUNTING 9400000 940000 383
COUNTING 9400000 940000 390
COUNTING 9400000 940000 395
COUNTING 9400000 940000 389
COUNTING 9400000 940000 383
COUNTING 9400000 940000 398
COUNTING 9400000 940000 381
COUNTING 9400000 940000 396
COUNTING 9400000 940000 385
COUNTING 9400000 940000 441
COUNTING 9400000 940000 393
COUNTING 9400000 940000 379
