QUICK 94000000 940000 16061
QUICK 94000000 940000 15384
QUICK 94000000 940000 16180
QUICK 94000000 940000 15648
QUICK 94000000 940000 15544
QUICK 94000000 940000 15516
QUICK 94000000 940000 16102
QUICK 94000000 940000 15451
QUICK 94000000 940000 16310
QUICK 94000000 940000 15635
QUICK 94000000 940000 15643
QUICK 94000000 940000 15401
QUICK 94000000 940000 16634
QUICK 94000000 940000 15324
QUICK 94000000 940000 15389
QUICK 94000000 940000 15780
QUICK 94000000 940000 15383
QUICK 94000000 940000 15947
QUICK 94000000 940000 15353
QUICK 94000000 940000 16224
QUICK 94000000 940000 15406
QUICK 94000000 940000 15869
QUICK 94000000 940000 16048
QUICK 94000000 940000 15852
QUICK 94000000 940000 15384
QUICK 94000000 940000 15569
QUICK 94000000 940000 15975
QUICK 94000000 940000 15678
QUICK 94000000 940000 15441
QUICK 94000000 940000 15432
MERGE 94000000 940000 13278
MERGE 94000000 940000 13258
MERGE 94000000 940000 13233
MERGE 94000000 940000 13456
MERGE 94000000 940000 13287
MERGE 94000000 940000 13326
MERGE 94000000 940000 13366
MERGE 94000000 940000 13407
MERGE 94000000 940000 13327
MERGE 94000000 940000 13514
MERGE 94000000 940000 13359
MERGE 94000000 940000 13392
MERGE 94000000 940000 13298
MERGE 94000000 940000 13322
MERGE 94000000 940000 13124
MERGE 94000000 940000 13554
MERGE 94000000 940000 13361
MERGE 94000000 940000 13178
MERGE 94000000 940000 13315
MERGE 94000000 940000 13233
MERGE 94000000 940000 13090
MERGE 94000000 940000 13186
MERGE 94000000 940000 13386
MERGE 94000000 940000 13185
MERGE 94000000 940000 13223
MERGE 94000000 940000 13338
MERGE 94000000 940000 13459
MERGE 94000000 940000 13251
MERGE 94000000 940000 13326
MERGE 94000000 940000 13170
COUNTING 94000000 940000 4957
COUNTING 94000000 940000 5185
COUNTING 94000000 940000 4934
COUNTING 94000000 940000 4928
COUNTING 94000000 940000 4908
COUNTING 94000000 940000 4960
COUNTING 94000000 940000 4977
COUNTING 94000000 940000 4983
COUNTING 94000000 940000 4982
COUNTING 94000000 940000 5128
COUNTING 94000000 940000 5006
COUNTING 94000000 940000 4921
COUNTING 94000000 940000 4972
COUNTING 94000000 940000 4937
COUNTING 94000000 940000 4944
COUNTING 94000000 940000 4968
COUNTING 94000000 940000 4911
COUNTING 94000000 940000 5016
COUNTING 94000000 940000 5309
COUNTING 94000000 940000 5014
COUNTING 94000000 940000 5017
COUNTING 94000000 940000 4919
COUNTING 94000000 940000 4927
COUNTING 94000000 940000 4945
COUNTING 94000000 940000 4929
COUNTING 94000000 940000 5050
COUNTING 94000000 940000 5224
COUNTING 94000000 940000 4987
COUNTING 94000000 940000 4930
COUNTING 94000000 940000 4993
