QUICK 9400000 94000000 1058
QUICK 9400000 94000000 1043
QUICK 9400000 94000000 1023
QUICK 9400000 94000000 1026
QUICK 9400000 94000000 1048
QUICK 9400000 94000000 1022
QUICK 9400000 94000000 1038
QUICK 9400000 94000000 1046
QUICK 9400000 94000000 1049
QUICK 9400000 94000000 1047
QUICK 9400000 94000000 1043
QUICK 9400000 94000000 1088
QUICK 9400000 94000000 1092
QUICK 9400000 94000000 1025
QUICK 9400000 94000000 1046
QUICK 9400000 94000000 1039
QUICK 9400000 94000000 1038
QUICK 9400000 94000000 1051
QUICK 9400000 94000000 1111
QUICK 9400000 94000000 1055
QUICK 9400000 94000000 1044
QUICK 9400000 94000000 1064
QUICK 9400000 94000000 1044
QUICK 9400000 94000000 1046
QUICK 9400000 94000000 1036
QUICK 9400000 94000000 1040
QUICK 9400000 94000000 991
QUICK 9400000 94000000 1039
QUICK 9400000 94000000 1027
QUICK 9400000 94000000 1045
MERGE 9400000 94000000 1364
MERGE 9400000 94000000 1360
MERGE 9400000 94000000 1343
MERGE 9400000 94000000 1359
MERGE 9400000 94000000 1366
MERGE 9400000 94000000 1359
MERGE 9400000 94000000 1361
MERGE 9400000 94000000 1345
MERGE 9400000 94000000 1364
MERGE 9400000 94000000 1349
MERGE 9400000 94000000 1332
MERGE 9400000 94000000 1328
MERGE 9400000 94000000 1365
MERGE 9400000 94000000 1350
MERGE 9400000 94000000 1346
MERGE 9400000 94000000 1350
MERGE 9400000 94000000 1344
MERGE 9400000 94000000 1361
MERGE 9400000 94000000 1326
MERGE 9400000 94000000 1344
MERGE 9400000 94000000 1350
MERGE 9400000 94000000 1363
MERGE 9400000 94000000 1360
MERGE 9400000 94000000 1391
MERGE 9400000 94000000 1377
MERGE 9400000 94000000 1359
MERGE 9400000 94000000 1359
MERGE 9400000 94000000 1372
MERGE 9400000 94000000 1357
MERGE 9400000 94000000 1377
COUNTING 9400000 94000000 1413
COUNTING 9400000 94000000 1420
COUNTING 9400000 94000000 1384
COUNTING 9400000 94000000 1405
COUNTING 9400000 94000000 1409
COUNTING 9400000 94000000 1404
COUNTING 9400000 94000000 1443
COUNTING 9400000 94000000 1412
COUNTING 9400000 94000000 1424
COUNTING 9400000 94000000 1404
COUNTING 9400000 94000000 1391
COUNTING 9400000 94000000 1404
COUNTING 9400000 94000000 1383
COUNTING 9400000 94000000 1418
COUNTING 9400000 94000000 1386
COUNTING 9400000 94000000 1405
COUNTING 9400000 94000000 1421
COUNTING 9400000 94000000 1404
COUNTING 9400000 94000000 1403
COUNTING 9400000 94000000 1419
COUNTING 9400000 94000000 1408
COUNTING 9400000 94000000 1414
COUNTING 9400000 94000000 1406
COUNTING 9400000 94000000 1386
COUNTING 9400000 94000000 1397
COUNTING 9400000 94000000 1421
COUNTING 9400000 94000000 1377
COUNTING 9400000 94000000 1417
COUNTING 9400000 94000000 1398
COUNTING 9400000 94000000 1404
