QUICK 9400000 940000 999
QUICK 9400000 940000 1009
QUICK 9400000 940000 1023
QUICK 9400000 940000 992
QUICK 9400000 940000 1002
QUICK 9400000 940000 998
QUICK 9400000 940000 1003
QUICK 9400000 940000 981
QUICK 9400000 940000 982
QUICK 9400000 940000 1029
QUICK 9400000 940000 980
QUICK 9400000 940000 1009
QUICK 9400000 940000 989
QUICK 9400000 940000 995
QUICK 9400000 940000 1017
QUICK 9400000 940000 993
QUICK 9400000 940000 980
QUICK 9400000 940000 984
QUICK 9400000 940000 993
QUICK 9400000 940000 994
QUICK 9400000 940000 998
QUICK 9400000 940000 984
QUICK 9400000 940000 993
QUICK 9400000 940000 1001
QUICK 9400000 940000 1002
QUICK 9400000 940000 994
QUICK 9400000 940000 1009
QUICK 9400000 940000 991
QUICK 9400000 940000 1012
QUICK 9400000 940000 1002
MERGE 9400000 940000 1336
MERGE 9400000 940000 1343
MERGE 9400000 940000 1344
MERGE 9400000 940000 1314
MERGE 9400000 940000 1343
MERGE 9400000 940000 1311
MERGE 9400000 940000 1341
MERGE 9400000 940000 1334
MERGE 9400000 940000 1338
MERGE 9400000 940000 1342
MERGE 9400000 940000 1345
MERGE 9400000 940000 1332
MERGE 9400000 940000 1314
MERGE 9400000 940000 1340
MERGE 9400000 940000 1375
MERGE 9400000 940000 1404
MERGE 9400000 940000 1388
MERGE 9400000 940000 1358
MERGE 9400000 940000 1342
MERGE 9400000 940000 1325
MERGE 9400000 940000 1327
MERGE 9400000 940000 1313
MERGE 9400000 940000 1326
MERGE 9400000 940000 1344
MERGE 9400000 940000 1325
MERGE 9400000 940000 1325
MERGE 9400000 940000 1344
MERGE 9400000 940000 1329
MERGE 9400000 940000 1329
MERGE 9400000 940000 1339
COUNTING 9400000 940000 385
COUNTING 9400000 940000 391
COUNTING 9400000 940000 405
COUNTING 9400000 940000 392
COUNTING 9400000 940000 417
COUNTING 9400000 940000 391
COUNTING 9400000 940000 405
COUNTING 9400000 940000 392
COUNTING 9400000 940000 381
COUNTING 9400000 940000 374
COUNTING 9400000 940000 396
COUNTING 9400000 940000 390
COUNTING 9400000 940000 395
COUNTING 9400000 940000 397
COUNTING 9400000 940000 396
COUNTING 9400000 940000 397
COUNTING 9400000 940000 382
COUNTING 9400000 940000 387
COUNTING 9400000 940000 381
COUNTING 9400000 940000 380
COUNTING 9400000 940000 393
COUNTING 9400000 940000 403
COUNTING 9400000 940000 387
COUNTING 9400000 940000 381
COUNTING 9400000 940000 379
COUNTING 9400000 940000 380
COUNTING 9400000 940000 395
COUNTING 9400000 940000 383
COUNTING 9400000 940000 396
COUNTING 9400000 940000 379
