MERGE 9400000 940000 1334		
MERGE 9400000 940000 1333		
MERGE 9400000 940000 1332		
MERGE 9400000 940000 1339		
MERGE 9400000 940000 1332		
MERGE 9400000 940000 1331		
MERGE 9400000 940000 1311		
MERGE 9400000 940000 1344		
MERGE 9400000 940000 1295		
MERGE 9400000 940000 1395		
MERGE 9400000 940000 1356		
MERGE 9400000 940000 1464		
MERGE 9400000 940000 1399		
MERGE 9400000 940000 1452		
MERGE 9400000 940000 1490		
MERGE 9400000 940000 1390		
MERGE 9400000 940000 1436		
MERGE 9400000 940000 1408		
MERGE 9400000 940000 1347		
MERGE 9400000 940000 1428		
MERGE 9400000 940000 1360		
MERGE 9400000 940000 1343		
MERGE 9400000 940000 1341		
MERGE 9400000 940000 1325		
MERGE 9400000 940000 1325		
MERGE 9400000 940000 1313		
MERGE 9400000 940000 1343		
MERGE 9400000 940000 1312		
MERGE 9400000 940000 1342		
MERGE 9400000 940000 1328		